version https://git-lfs.github.com/spec/v1
oid sha256:5fb304636058251670de9d0390d5fb678d982ad047d762016c7325b08db047e7
size 1668951
